lat = 45.763472202626694
lon = 21.24563477389832